---
build/assets/images/drytheriver.png: 2015-06-23 21:36:03.000000000 +02:00
build/assets/images/iPhone.svg: 2015-06-23 21:39:20.000000000 +02:00
build/assets/images/placemat.png: 2015-06-23 21:35:34.000000000 +02:00
